130.0
139.549993369
142.040947858
143.266838362
145.176103541
150.416527843
158.877842366
162.951621712
169.988807496
178.001402468
182.419009196
187.263443498
195.167996882
195.942044854
204.122542404
213.184831461
214.7837315
215.477761109
219.686879296
220.52114356
229.045196126
233.185657048
239.635639637
246.192589594
253.18691758
255.577839264
257.444928648
262.254809812
271.567150562
274.67328186
277.881619333
285.879595588
291.29236704
293.308670715
300.207999874
309.905495334
310.647545229
319.129735159
323.941182876
328.747934244
333.463712334
337.779297807
345.043040825
349.332540024
354.067521285
359.761581962
361.953939227
367.272063945
372.0347897
376.578082378
378.312795286
386.818800952
394.359218087
402.46067025
410.583652185
414.024575032
414.084844938
419.830389029
429.709597356
431.916390782
435.001758629
436.944332459
440.21805542
446.653916816
455.479510811
456.237423259
464.849327613
469.764308342
478.679502281
486.157339365
488.109820611
496.90625194
498.603978046
501.537785605
511.015194759
515.628514252
522.559198523
531.882331742
540.570505474
542.801426143
546.475625299
555.032194576
557.729281549
561.119927795
568.892121939
571.331674727
575.524782991
583.009779463
590.028104336
597.479391117
600.098774961
600.573343258
603.226912745
611.314011393
617.988283008
620.10619758
626.630347508
628.244701688
634.086579552
634.71849747
637.297271689
642.114393294
648.76856355
651.642868512
655.943037361
663.47925038
668.340220879
673.853146158
682.821357169
689.875269214
699.500742889
709.23702532
711.381227557
719.21418227
726.671834651
727.543830848
732.028392098
735.827175954
745.388549623
750.127734029
756.773351605
757.356774314
766.795735577
771.279505185
774.627732831
782.215238603
789.278453992
792.743067066
793.124473818
796.366179564
805.572858817
812.9247128
816.995375032
820.1527731
829.434687518
835.654642151
839.382650134
845.51746079
854.319596708
855.464731371
859.463680424
860.003296892
867.804924051
872.226186416
872.992225376
880.484312912
884.567098834
893.276164446
898.538397907
906.675527094
914.674909238
919.917190811
920.845527954
928.027014345
934.813774205
940.659649214
940.84440636
942.962838167
945.560849487
948.153722953
958.022778663
964.124368621
971.946321965
976.045665557
976.921647402
980.650117239
988.852438696
995.074834155
997.162665196
1004.81471037
1005.04472975
1009.72152018
1017.76583031
1023.92066834
1033.19552222
1038.26426869
1047.04304167
1050.54025206
1053.9134117
1061.89187427
1067.25243366
1069.5739786
1077.61768882
1079.20349606
1079.87671999
1083.71730317
1093.30602864
1096.77636756
1102.3314631
1111.13459502
1119.62884844
1128.92998339
1138.05003775
1144.69473185
1147.07343454
1151.54237889
1155.40436648
1158.27455837
1162.03362085
1166.2958468
1172.94853702
1181.85928347
1187.3840953
1193.25055045
1202.82723021
1206.50137067
1210.46514922
1214.46150346
1224.17581017
1231.14534567
1234.01685807
1239.71581801
1243.09611875
1251.20183708
1256.50252428
1263.39102212
1267.39368026
1267.47989259
1270.95381924
1275.22842498
1277.1233992
1281.51040835
1290.13846183
1299.60572713
1302.34895846
1302.92977898
1307.8581311
1309.03252358
1312.29357706
1313.59095887
1318.01329901
1319.47608645
1326.09462062
1326.30240019
1336.17447424
1345.8787389
1347.21455695
1354.52805536
1357.76672447
1359.77742423
1362.52868944
1365.43888648
1368.37031067
1378.08627131
1384.03131973
1392.52077043
1393.57174813
1398.77688541
1400.55789823
1408.81188297
1414.5673304
1418.71459525
1427.31643063
1434.82327294
1437.16242756
1443.7202378
1444.27420054
1444.88284726
1453.0348613
1460.08326127
1461.40354536
1462.5338272
1468.7610629
1469.48406748
1472.47192671
1472.562362
1481.53679992
1488.05888716
1494.38731821
1500.77745673
1506.59406095
1506.83274417
1507.12000327
1513.37441229
1522.36579021
1523.62027551
1533.45992711
1534.39736203
1536.91218951
1545.1609673
1553.43938093
1557.83193674
1567.75531185
1568.8765913
1570.53599379
1572.33848661
1576.24137551
1581.56549287
1589.95467619
1598.01073101
1601.7614452
1611.25482586
1611.68838264
1614.6043996
1622.28963036
1626.33213407
1630.94618263
1640.72575666
1649.48760403
1656.83376734
1664.52103286
1665.94514222
1675.00797532
1682.43371357
1684.76205991
1684.97864336
1691.17608439
1698.21125346
1703.6842775
1705.68906468
1707.69786953
1717.23744189
1721.93548817
1731.4753701
1740.97720348
1749.65987045
1751.49072982
1754.86699366
1759.27346452
1761.68566258
1764.78062255
1771.66083922
1773.20766292
1781.7928487
1786.59604801
1787.79490644
1791.73750064
1793.33880939
1795.18963901
1797.58649928
1804.65693034
1808.18061003
1810.68713994
1814.66077021
1823.29421564
1828.6883714
1834.53790622
1837.73774194
1841.0314189
1845.00296538
1851.96129853
1855.68519313
1863.53991476
1870.34297805
1871.60877659
1878.79156353
1887.99248372
1891.04818282
1896.49723352
1900.04226963
1904.7550138
1910.20401053
1912.55328346
1915.02740261
1920.79508122
1924.34519416
1925.42008543
1927.11777748
1932.45860727
1938.13618178
1940.25396705
1941.91405305
1948.85131953
1951.01767767
1953.82299367
1959.376002
1968.70852385
1974.1945498
1977.87044597
1986.2342589
1988.14087762
1992.05033662
2000.92244087
2006.22353785
2015.97226409
2017.0247335
2022.08961498
2030.66422114
2031.92831783
2036.00663855
2037.1731725
2045.6169714
2046.07529982
2049.89672543
2058.56241501
2059.22740269
2068.41548142
2076.95318587
2084.85280466
2094.07712302
2098.22443
2104.84666901
2105.15631437
2107.98723539
2108.20338585
2111.0636393
2118.70867068
2122.94695396
2131.09737827
2139.65674154
2145.73846894
2149.79381109
2158.42345242
2162.74457774
2165.6278636
2175.37169422
2176.21179436
2180.2822527
2182.81751014
2183.02771684
2184.58460967
2190.11441907
2191.15340531
2195.5749846
2205.57107897
2211.57295225
2212.40806404
2216.25758017
2217.48634679
2222.05205201
2228.09943792
2236.54589697
2245.71166899
2247.48293208
2249.82922698
2259.80742213
2267.55326875
2273.20877174
2278.70952087
2285.23795416
2289.63370452
2292.38900008
2296.55286061
2302.88070678
2310.41958637
2314.74230791
2315.78846254
2320.84397337
2330.80440587
2335.53923201
2343.38759856
2350.24886464
2357.28484774
2367.21534197
2368.26280407
2372.27293431
2381.76331122
2389.514328
2391.74002736
2396.11292423
2398.47622512
2400.48915622
2407.29488525
2410.49202655
2410.73478556
2414.00570404
2415.94161388
2418.44507418
2419.00321117
2420.84223312
2430.33866966
2434.7416142
2443.52226495
2449.96891381
2458.16098752
2463.94206785
2467.81076227
2467.87659536
2471.06605769
2474.3348381
2474.68585646
2484.40852114
2489.28349759
2498.1154889
2506.76840482
2514.58194059
2515.26964935
2521.66373139
2522.3466604
2522.51536732
2527.25491411
2536.25944984
2542.2679719
2542.26945291
2551.02261125
2557.59910622
2566.72921852
2569.95325256
