130.0966335708511
130.09675926149416
130.09696484604004
130.09702778641483
130.09797619089736
130.09828953338712
130.09832712398259
130.0986211238621
130.09863909237714
130.09931126174536
130.09966175938536
130.10075654760377
130.12176552151865
130.12314276629914
130.12349930992832
130.12382293798294
130.12457229105405
130.1246149359374
130.32834107120576
130.32976335063537
130.32994166722423
130.33004627522556
130.33033081280598
130.3307206287342
130.37458084871136
130.37505842230794
130.37636353134502
130.37739860010427
130.37766094735025
130.3777946170999
130.4841388471684
130.48419411238524
130.4843340604088
130.48487635638529
130.4854807343801
130.48661520453012
130.51478433181182
130.51564201190178
130.51596639389066
130.51598823171528
130.5163619374734
130.51657073745287
130.63761093551364
130.6387573524584
130.63891449650149
130.63942697108908
130.6397782064171
130.64045315987912
130.74954445892328
130.74998701039883
130.75012305559338
130.7508282807762
130.7513798001097
130.75164475573078
130.8109252298603
130.81132631625613
130.8113694537125
130.8114799543867
130.81170118299556
130.8117542773355
130.98007766005003
130.9807266979729
130.98203214972526
130.98257957409993
130.98292651298382
130.9832948014433
130.99987152145764
131.00005234241303
131.0003047755808
131.00092952608364
131.00130019310788
131.0025361375443
131.05637062166028
131.05639111973971
131.05647584298
131.05702216242872
131.05742004197612
131.05843534195776
131.0933822205676
131.09341712283702
131.09511916256642
131.09532664538176
131.0955041196842
131.0955192557889
131.1105602499766
131.11068582650566
131.11136178784167
131.11144535194464
131.111765806587
131.1127263900036
